0.000000000000000000e+00
6.776000000000000000e+03
6.059000000000000000e+03
7.058000000000000000e+03
6.312000000000000000e+03
7.135000000000000000e+03
7.314000000000000000e+03
6.409000000000000000e+03
6.841000000000000000e+03
6.726000000000000000e+03
6.314000000000000000e+03
5.780000000000000000e+03
6.036000000000000000e+03
6.001000000000000000e+03
6.075000000000000000e+03
5.860000000000000000e+03
5.358000000000000000e+03
4.851000000000000000e+03
6.028000000000000000e+03
4.970000000000000000e+03
5.365000000000000000e+03
5.337000000000000000e+03
5.121000000000000000e+03
4.203000000000000000e+03
4.954000000000000000e+03
4.942000000000000000e+03
5.008000000000000000e+03
4.618000000000000000e+03
4.430000000000000000e+03
4.811000000000000000e+03
5.738000000000000000e+03
3.716000000000000000e+03
4.116000000000000000e+03
4.447000000000000000e+03
4.003000000000000000e+03
4.893000000000000000e+03
3.737000000000000000e+03
4.522000000000000000e+03
5.043000000000000000e+03
4.381000000000000000e+03
3.984000000000000000e+03
3.673000000000000000e+03
4.613000000000000000e+03
4.439000000000000000e+03
4.116000000000000000e+03
4.806000000000000000e+03
4.418000000000000000e+03
3.995000000000000000e+03
4.057000000000000000e+03
4.303000000000000000e+03
3.951000000000000000e+03
4.153000000000000000e+03
4.515000000000000000e+03
4.884000000000000000e+03
4.410000000000000000e+03
4.628000000000000000e+03
4.181000000000000000e+03
4.492000000000000000e+03
4.931000000000000000e+03
5.191000000000000000e+03
4.793000000000000000e+03
5.644000000000000000e+03
5.139000000000000000e+03
5.738000000000000000e+03
5.039000000000000000e+03
5.545000000000000000e+03
5.550000000000000000e+03
5.501000000000000000e+03
6.184000000000000000e+03
4.665000000000000000e+03
5.340000000000000000e+03
5.056000000000000000e+03
6.462000000000000000e+03
6.082000000000000000e+03
5.416000000000000000e+03
5.572000000000000000e+03
5.856000000000000000e+03
5.593000000000000000e+03
5.773000000000000000e+03
5.025000000000000000e+03
5.709000000000000000e+03
5.775000000000000000e+03
6.664000000000000000e+03
6.142000000000000000e+03
5.705000000000000000e+03
6.386000000000000000e+03
5.884000000000000000e+03
6.509000000000000000e+03
6.650000000000000000e+03
5.301000000000000000e+03
5.287000000000000000e+03
5.200000000000000000e+03
6.786000000000000000e+03
6.407000000000000000e+03
6.111000000000000000e+03
7.147000000000000000e+03
7.525000000000000000e+03
6.893000000000000000e+03
6.275000000000000000e+03
6.022000000000000000e+03
6.888000000000000000e+03
6.098000000000000000e+03
5.798000000000000000e+03
6.664000000000000000e+03
7.078000000000000000e+03
6.050000000000000000e+03
7.706000000000000000e+03
5.689000000000000000e+03
6.400000000000000000e+03
6.850000000000000000e+03
7.888000000000000000e+03
6.431000000000000000e+03
6.044000000000000000e+03
5.261000000000000000e+03
6.132000000000000000e+03
5.651000000000000000e+03
6.118000000000000000e+03
5.112000000000000000e+03
5.180000000000000000e+03
4.461000000000000000e+03
4.310000000000000000e+03
4.565000000000000000e+03
4.841000000000000000e+03
4.495000000000000000e+03
4.630000000000000000e+03
5.373000000000000000e+03
5.775000000000000000e+03
5.143000000000000000e+03
4.960000000000000000e+03
4.470000000000000000e+03
4.810000000000000000e+03
5.135000000000000000e+03
4.261000000000000000e+03
4.988000000000000000e+03
4.547000000000000000e+03
4.034000000000000000e+03
3.912000000000000000e+03
4.438000000000000000e+03
4.071000000000000000e+03
3.929000000000000000e+03
4.140000000000000000e+03
3.841000000000000000e+03
3.282000000000000000e+03
3.295000000000000000e+03
3.415000000000000000e+03
3.412000000000000000e+03
3.436000000000000000e+03
3.297000000000000000e+03
2.782000000000000000e+03
3.628000000000000000e+03
2.869000000000000000e+03
3.018000000000000000e+03
3.184000000000000000e+03
3.374000000000000000e+03
3.432000000000000000e+03
3.923000000000000000e+03
2.739000000000000000e+03
2.836000000000000000e+03
3.761000000000000000e+03
2.714000000000000000e+03
2.589000000000000000e+03
3.068000000000000000e+03
3.253000000000000000e+03
2.699000000000000000e+03
2.750000000000000000e+03
2.468000000000000000e+03
2.648000000000000000e+03
2.523000000000000000e+03
2.548000000000000000e+03
2.498000000000000000e+03
2.648000000000000000e+03
2.703000000000000000e+03
2.390000000000000000e+03
3.133000000000000000e+03
3.085000000000000000e+03
2.278000000000000000e+03
2.034000000000000000e+03
2.069000000000000000e+03
2.738000000000000000e+03
3.116000000000000000e+03
2.669000000000000000e+03
2.356000000000000000e+03
2.645000000000000000e+03
3.020000000000000000e+03
2.313000000000000000e+03
2.168000000000000000e+03
2.298000000000000000e+03
2.713000000000000000e+03
2.438000000000000000e+03
2.594000000000000000e+03
2.921000000000000000e+03
3.212000000000000000e+03
2.487000000000000000e+03
2.838000000000000000e+03
2.850000000000000000e+03
2.656000000000000000e+03
2.592000000000000000e+03
2.621000000000000000e+03
1.721000000000000000e+03
2.341000000000000000e+03
2.551000000000000000e+03
2.586000000000000000e+03
2.605000000000000000e+03
2.887000000000000000e+03
2.526000000000000000e+03
2.551000000000000000e+03
1.968000000000000000e+03
2.812000000000000000e+03
2.732000000000000000e+03
2.263000000000000000e+03
2.979000000000000000e+03
2.865000000000000000e+03
2.466000000000000000e+03
2.493000000000000000e+03
2.313000000000000000e+03
2.752000000000000000e+03
2.808000000000000000e+03
2.890000000000000000e+03
2.336000000000000000e+03
2.995000000000000000e+03
2.408000000000000000e+03
2.495000000000000000e+03
2.840000000000000000e+03
2.248000000000000000e+03
2.343000000000000000e+03
1.992000000000000000e+03
2.486000000000000000e+03
3.026000000000000000e+03
2.256000000000000000e+03
2.706000000000000000e+03
2.433000000000000000e+03
3.114000000000000000e+03
2.551000000000000000e+03
2.588000000000000000e+03
2.289000000000000000e+03
2.143000000000000000e+03
3.152000000000000000e+03
2.360000000000000000e+03
2.692000000000000000e+03
2.163000000000000000e+03
2.692000000000000000e+03
2.258000000000000000e+03
2.179000000000000000e+03
2.976000000000000000e+03
2.689000000000000000e+03
2.414000000000000000e+03
1.817000000000000000e+03
2.325000000000000000e+03
2.465000000000000000e+03
2.803000000000000000e+03
3.183000000000000000e+03
2.428000000000000000e+03
2.601000000000000000e+03
2.364000000000000000e+03
2.852000000000000000e+03
2.968000000000000000e+03
3.365000000000000000e+03
3.125000000000000000e+03
3.077000000000000000e+03
2.546000000000000000e+03
3.184000000000000000e+03
2.308000000000000000e+03
3.040000000000000000e+03
2.716000000000000000e+03
3.346000000000000000e+03
2.335000000000000000e+03
2.982000000000000000e+03
2.884000000000000000e+03
2.395000000000000000e+03
2.626000000000000000e+03
2.744000000000000000e+03
3.090000000000000000e+03
3.170000000000000000e+03
2.978000000000000000e+03
3.005000000000000000e+03
3.342000000000000000e+03
2.869000000000000000e+03
3.375000000000000000e+03
3.042000000000000000e+03
2.906000000000000000e+03
2.868000000000000000e+03
3.338000000000000000e+03
2.981000000000000000e+03
2.894000000000000000e+03
3.483000000000000000e+03
2.242000000000000000e+03
3.257000000000000000e+03
2.772000000000000000e+03
2.306000000000000000e+03
3.554000000000000000e+03
3.558000000000000000e+03
2.778000000000000000e+03
3.107000000000000000e+03
2.598000000000000000e+03
3.138000000000000000e+03
2.756000000000000000e+03
3.429000000000000000e+03
2.961000000000000000e+03
3.593000000000000000e+03
3.646000000000000000e+03
3.131000000000000000e+03
3.270000000000000000e+03
3.009000000000000000e+03
3.224000000000000000e+03
2.656000000000000000e+03
3.518000000000000000e+03
2.766000000000000000e+03
2.501000000000000000e+03
3.307000000000000000e+03
3.657000000000000000e+03
3.475000000000000000e+03
3.211000000000000000e+03
3.526000000000000000e+03
3.642000000000000000e+03
3.275000000000000000e+03
3.803000000000000000e+03
3.745000000000000000e+03
3.353000000000000000e+03
3.445000000000000000e+03
3.822000000000000000e+03
3.377000000000000000e+03
2.641000000000000000e+03
3.295000000000000000e+03
2.944000000000000000e+03
2.905000000000000000e+03
3.009000000000000000e+03
2.834000000000000000e+03
3.234000000000000000e+03
3.179000000000000000e+03
3.457000000000000000e+03
3.387000000000000000e+03
2.205000000000000000e+03
2.939000000000000000e+03
2.859000000000000000e+03
3.505000000000000000e+03
2.565000000000000000e+03
2.799000000000000000e+03
2.740000000000000000e+03
3.734000000000000000e+03
2.898000000000000000e+03
3.332000000000000000e+03
2.858000000000000000e+03
2.979000000000000000e+03
2.457000000000000000e+03
3.417000000000000000e+03
3.328000000000000000e+03
3.052000000000000000e+03
3.539000000000000000e+03
2.963000000000000000e+03
3.471000000000000000e+03
3.113000000000000000e+03
3.041000000000000000e+03
3.007000000000000000e+03
2.375000000000000000e+03
2.827000000000000000e+03
2.697000000000000000e+03
3.136000000000000000e+03
2.413000000000000000e+03
3.194000000000000000e+03
3.006000000000000000e+03
2.993000000000000000e+03
2.715000000000000000e+03
3.118000000000000000e+03
2.218000000000000000e+03
3.470000000000000000e+03
2.841000000000000000e+03
3.043000000000000000e+03
2.949000000000000000e+03
2.884000000000000000e+03
2.217000000000000000e+03
2.746000000000000000e+03
3.353000000000000000e+03
2.914000000000000000e+03
2.434000000000000000e+03
2.959000000000000000e+03
3.069000000000000000e+03
3.665000000000000000e+03
3.412000000000000000e+03
3.456000000000000000e+03
2.524000000000000000e+03
3.148000000000000000e+03
2.846000000000000000e+03
2.905000000000000000e+03
3.104000000000000000e+03
4.256000000000000000e+03
2.864000000000000000e+03
3.155000000000000000e+03
2.486000000000000000e+03
2.721000000000000000e+03
2.882000000000000000e+03
3.150000000000000000e+03
3.298000000000000000e+03
2.901000000000000000e+03
3.380000000000000000e+03
3.154000000000000000e+03
3.000000000000000000e+03
3.342000000000000000e+03
2.934000000000000000e+03
2.392000000000000000e+03
3.274000000000000000e+03
3.355000000000000000e+03
3.183000000000000000e+03
3.903000000000000000e+03
3.562000000000000000e+03
3.474000000000000000e+03
3.141000000000000000e+03
3.401000000000000000e+03
2.995000000000000000e+03
3.102000000000000000e+03
4.114000000000000000e+03
3.294000000000000000e+03
3.386000000000000000e+03
3.134000000000000000e+03
3.254000000000000000e+03
3.688000000000000000e+03
3.001000000000000000e+03
2.754000000000000000e+03
3.575000000000000000e+03
3.736000000000000000e+03
3.379000000000000000e+03
3.139000000000000000e+03
2.845000000000000000e+03
3.290000000000000000e+03
3.604000000000000000e+03
3.657000000000000000e+03
3.376000000000000000e+03
2.601000000000000000e+03
3.580000000000000000e+03
3.331000000000000000e+03
3.014000000000000000e+03
4.043000000000000000e+03
3.460000000000000000e+03
3.283000000000000000e+03
3.885000000000000000e+03
3.622000000000000000e+03
3.396000000000000000e+03
4.087000000000000000e+03
3.844000000000000000e+03
4.167000000000000000e+03
3.629000000000000000e+03
4.880000000000000000e+03
3.601000000000000000e+03
4.045000000000000000e+03
3.838000000000000000e+03
3.732000000000000000e+03
3.244000000000000000e+03
4.482000000000000000e+03
3.948000000000000000e+03
5.091000000000000000e+03
4.344000000000000000e+03
4.589000000000000000e+03
4.134000000000000000e+03
4.156000000000000000e+03
3.947000000000000000e+03
4.511000000000000000e+03
4.297000000000000000e+03
4.193000000000000000e+03
4.058000000000000000e+03
3.954000000000000000e+03
3.279000000000000000e+03
4.175000000000000000e+03
4.819000000000000000e+03
4.989000000000000000e+03
4.988000000000000000e+03
4.032000000000000000e+03
4.521000000000000000e+03
4.263000000000000000e+03
4.201000000000000000e+03
4.663000000000000000e+03
5.242000000000000000e+03
5.107000000000000000e+03
4.539000000000000000e+03
4.320000000000000000e+03
4.300000000000000000e+03
4.585000000000000000e+03
4.417000000000000000e+03
4.246000000000000000e+03
5.296000000000000000e+03
4.568000000000000000e+03
5.717000000000000000e+03
4.557000000000000000e+03
4.301000000000000000e+03
5.079000000000000000e+03
4.695000000000000000e+03
5.047000000000000000e+03
5.002000000000000000e+03
5.359000000000000000e+03
5.548000000000000000e+03
6.137000000000000000e+03
4.618000000000000000e+03
5.124000000000000000e+03
5.259000000000000000e+03
4.794000000000000000e+03
5.943000000000000000e+03
4.353000000000000000e+03
6.271000000000000000e+03
5.672000000000000000e+03
4.640000000000000000e+03
5.962000000000000000e+03
6.023000000000000000e+03
5.737000000000000000e+03
5.421000000000000000e+03
5.985000000000000000e+03
6.571000000000000000e+03
5.456000000000000000e+03
5.748000000000000000e+03
5.661000000000000000e+03
7.160000000000000000e+03
7.234000000000000000e+03
6.999000000000000000e+03
7.171000000000000000e+03
7.241000000000000000e+03
7.932000000000000000e+03
6.078000000000000000e+03
6.953000000000000000e+03
6.304000000000000000e+03
8.121000000000000000e+03
7.790000000000000000e+03
8.609000000000000000e+03
6.612000000000000000e+03
7.995000000000000000e+03
6.111000000000000000e+03
7.339000000000000000e+03
6.878000000000000000e+03
8.975000000000000000e+03
8.851000000000000000e+03
9.323000000000000000e+03
7.661000000000000000e+03
8.305000000000000000e+03
8.918000000000000000e+03
1.017800000000000000e+04
8.314000000000000000e+03
9.293000000000000000e+03
8.511000000000000000e+03
8.847000000000000000e+03
9.583000000000000000e+03
1.048400000000000000e+04
1.112800000000000000e+04
9.991000000000000000e+03
1.075700000000000000e+04
1.042800000000000000e+04
1.022300000000000000e+04
1.043800000000000000e+04
1.235900000000000000e+04
1.137300000000000000e+04
1.092200000000000000e+04
1.264000000000000000e+04
1.232900000000000000e+04
1.168600000000000000e+04
1.056500000000000000e+04
1.282900000000000000e+04
1.229000000000000000e+04
1.171700000000000000e+04
1.298300000000000000e+04
1.266300000000000000e+04
1.384300000000000000e+04
1.517000000000000000e+04
1.368500000000000000e+04
1.583700000000000000e+04
1.400200000000000000e+04
1.563700000000000000e+04
1.474000000000000000e+04
1.674400000000000000e+04
1.567500000000000000e+04
1.634700000000000000e+04
1.727300000000000000e+04
1.960900000000000000e+04
1.754900000000000000e+04
1.839800000000000000e+04
1.956900000000000000e+04
1.943000000000000000e+04
1.978700000000000000e+04
2.150100000000000000e+04
2.165500000000000000e+04
2.257500000000000000e+04
2.590000000000000000e+04
2.494900000000000000e+04
2.570700000000000000e+04
2.606300000000000000e+04
2.755100000000000000e+04
3.086200000000000000e+04
2.764500000000000000e+04
3.040100000000000000e+04
3.103400000000000000e+04
3.438100000000000000e+04
3.464300000000000000e+04
3.696300000000000000e+04
3.831300000000000000e+04
3.812800000000000000e+04
3.997700000000000000e+04
3.941000000000000000e+04
4.228800000000000000e+04
4.165500000000000000e+04
4.630400000000000000e+04
4.857300000000000000e+04
5.003400000000000000e+04
5.019800000000000000e+04
5.626100000000000000e+04
5.799700000000000000e+04
6.305000000000000000e+04
6.271600000000000000e+04
6.785200000000000000e+04
6.731200000000000000e+04
7.078400000000000000e+04
7.764800000000000000e+04
7.689600000000000000e+04
7.884700000000000000e+04
8.284700000000000000e+04
8.791200000000000000e+04
8.969400000000000000e+04
9.532600000000000000e+04
1.016890000000000000e+05
1.021110000000000000e+05
1.103930000000000000e+05
1.102100000000000000e+05
1.117800000000000000e+05
1.178510000000000000e+05
1.219130000000000000e+05
1.249540000000000000e+05
1.275920000000000000e+05
1.277060000000000000e+05
1.309160000000000000e+05
1.332810000000000000e+05
1.337470000000000000e+05
1.389710000000000000e+05
1.370140000000000000e+05
1.417300000000000000e+05
1.411490000000000000e+05
1.450900000000000000e+05
1.431240000000000000e+05
1.458040000000000000e+05
1.399260000000000000e+05
1.446860000000000000e+05
1.439390000000000000e+05
1.450590000000000000e+05
1.369690000000000000e+05
1.408960000000000000e+05
1.398120000000000000e+05
1.383660000000000000e+05
1.322400000000000000e+05
1.282420000000000000e+05
1.259260000000000000e+05
1.256430000000000000e+05
1.242200000000000000e+05
1.213230000000000000e+05
1.229850000000000000e+05
1.225930000000000000e+05
1.225540000000000000e+05
1.226450000000000000e+05
1.186050000000000000e+05
1.188770000000000000e+05
1.150820000000000000e+05
1.180710000000000000e+05
1.161000000000000000e+05
1.166260000000000000e+05
1.123030000000000000e+05
1.132330000000000000e+05
1.140700000000000000e+05
1.141800000000000000e+05
1.067620000000000000e+05
1.091440000000000000e+05
1.147340000000000000e+05
1.194120000000000000e+05
1.189790000000000000e+05
1.151410000000000000e+05
1.118210000000000000e+05
1.117520000000000000e+05
1.094440000000000000e+05
1.096020000000000000e+05
1.092220000000000000e+05
1.057730000000000000e+05
1.037770000000000000e+05
1.033280000000000000e+05
9.889400000000000000e+04
1.009310000000000000e+05
9.667900000000000000e+04
9.437300000000000000e+04
9.451400000000000000e+04
8.761700000000000000e+04
8.905900000000000000e+04
8.660700000000000000e+04
8.656700000000000000e+04
8.112100000000000000e+04
7.533000000000000000e+04
7.623300000000000000e+04
7.593300000000000000e+04
7.311100000000000000e+04
6.545800000000000000e+04
6.971900000000000000e+04
6.474900000000000000e+04
6.380700000000000000e+04
6.162700000000000000e+04
5.749800000000000000e+04
5.810300000000000000e+04
5.506200000000000000e+04
5.325100000000000000e+04
5.437200000000000000e+04
4.943400000000000000e+04
5.012700000000000000e+04
4.707900000000000000e+04
4.609600000000000000e+04
4.533200000000000000e+04
4.014900000000000000e+04
4.167200000000000000e+04
3.894300000000000000e+04
3.442700000000000000e+04
3.575000000000000000e+04
3.488100000000000000e+04
3.041800000000000000e+04
3.234200000000000000e+04
2.933800000000000000e+04
3.009300000000000000e+04
2.659900000000000000e+04
2.734400000000000000e+04
2.631500000000000000e+04
2.769200000000000000e+04
2.623400000000000000e+04
2.297700000000000000e+04
2.106100000000000000e+04
2.267500000000000000e+04
2.200600000000000000e+04
2.085800000000000000e+04
2.087600000000000000e+04
2.015000000000000000e+04
1.835100000000000000e+04
2.067600000000000000e+04
1.888200000000000000e+04
1.884600000000000000e+04
1.852500000000000000e+04
1.683300000000000000e+04
1.526200000000000000e+04
1.731200000000000000e+04
1.744100000000000000e+04
1.569600000000000000e+04
1.460700000000000000e+04
1.628300000000000000e+04
1.474900000000000000e+04
1.361900000000000000e+04
1.541900000000000000e+04
1.419800000000000000e+04
1.353100000000000000e+04
1.199900000000000000e+04
1.206700000000000000e+04
1.279800000000000000e+04
1.122600000000000000e+04
1.237000000000000000e+04
1.226000000000000000e+04
1.158800000000000000e+04
1.170800000000000000e+04
1.134700000000000000e+04
1.171200000000000000e+04
1.042600000000000000e+04
1.088300000000000000e+04
1.058000000000000000e+04
9.879000000000000000e+03
9.994000000000000000e+03
9.599000000000000000e+03
9.559000000000000000e+03
1.164500000000000000e+04
9.109000000000000000e+03
9.548000000000000000e+03
9.826000000000000000e+03
8.430000000000000000e+03
9.470000000000000000e+03
9.610000000000000000e+03
9.129000000000000000e+03
7.970000000000000000e+03
8.033000000000000000e+03
7.971000000000000000e+03
7.830000000000000000e+03
8.186000000000000000e+03
8.738000000000000000e+03
8.529000000000000000e+03
7.181000000000000000e+03
7.390000000000000000e+03
7.770000000000000000e+03
7.443000000000000000e+03
6.684000000000000000e+03
6.407000000000000000e+03
7.656000000000000000e+03
5.734000000000000000e+03
7.249000000000000000e+03
6.618000000000000000e+03
6.523000000000000000e+03
6.001000000000000000e+03
7.023000000000000000e+03
6.023000000000000000e+03
6.211000000000000000e+03
5.725000000000000000e+03
6.780000000000000000e+03
6.094000000000000000e+03
5.989000000000000000e+03
5.897000000000000000e+03
5.407000000000000000e+03
5.941000000000000000e+03
5.584000000000000000e+03
5.280000000000000000e+03
6.344000000000000000e+03
5.511000000000000000e+03
5.739000000000000000e+03
5.458000000000000000e+03
5.831000000000000000e+03
5.100000000000000000e+03
5.813000000000000000e+03
5.599000000000000000e+03
5.193000000000000000e+03
6.170000000000000000e+03
5.700000000000000000e+03
4.440000000000000000e+03
4.671000000000000000e+03
5.008000000000000000e+03
4.875000000000000000e+03
5.523000000000000000e+03
4.524000000000000000e+03
4.863000000000000000e+03
4.866000000000000000e+03
5.279000000000000000e+03
4.179000000000000000e+03
4.961000000000000000e+03
4.881000000000000000e+03
4.935000000000000000e+03
4.464000000000000000e+03
5.461000000000000000e+03
6.000000000000000000e+03
5.021000000000000000e+03
4.009000000000000000e+03
4.948000000000000000e+03
4.161000000000000000e+03
3.478000000000000000e+03
3.961000000000000000e+03
3.997000000000000000e+03
4.805000000000000000e+03
5.095000000000000000e+03
4.972000000000000000e+03
4.097000000000000000e+03
3.977000000000000000e+03
4.329000000000000000e+03
3.636000000000000000e+03
5.343000000000000000e+03
4.754000000000000000e+03
4.042000000000000000e+03
3.566000000000000000e+03
3.767000000000000000e+03
4.108000000000000000e+03
3.901000000000000000e+03
4.340000000000000000e+03
3.133000000000000000e+03
4.558000000000000000e+03
3.480000000000000000e+03
4.543000000000000000e+03
4.893000000000000000e+03
3.805000000000000000e+03
3.403000000000000000e+03
3.597000000000000000e+03
3.760000000000000000e+03
3.200000000000000000e+03
3.857000000000000000e+03
3.557000000000000000e+03
2.996000000000000000e+03
4.255000000000000000e+03
3.776000000000000000e+03
4.009000000000000000e+03
4.451000000000000000e+03
3.521000000000000000e+03
4.499000000000000000e+03
3.927000000000000000e+03
3.237000000000000000e+03
3.698000000000000000e+03
3.776000000000000000e+03
3.996000000000000000e+03
3.202000000000000000e+03
3.681000000000000000e+03
3.051000000000000000e+03
3.485000000000000000e+03
3.472000000000000000e+03
2.976000000000000000e+03
3.453000000000000000e+03
4.136000000000000000e+03
3.521000000000000000e+03
3.382000000000000000e+03
3.843000000000000000e+03
3.180000000000000000e+03
3.854000000000000000e+03
3.473000000000000000e+03
3.330000000000000000e+03
3.945000000000000000e+03
3.435000000000000000e+03
3.606000000000000000e+03
3.321000000000000000e+03
3.107000000000000000e+03
3.419000000000000000e+03
3.187000000000000000e+03
3.637000000000000000e+03
3.139000000000000000e+03
3.064000000000000000e+03
3.266000000000000000e+03
3.611000000000000000e+03
3.901000000000000000e+03
3.656000000000000000e+03
3.188000000000000000e+03
2.762000000000000000e+03
2.777000000000000000e+03
3.092000000000000000e+03
3.777000000000000000e+03
3.555000000000000000e+03
3.276000000000000000e+03
3.710000000000000000e+03
3.170000000000000000e+03
3.232000000000000000e+03
3.300000000000000000e+03
3.232000000000000000e+03
3.020000000000000000e+03
3.382000000000000000e+03
3.921000000000000000e+03
2.760000000000000000e+03
3.409000000000000000e+03
2.987000000000000000e+03
3.301000000000000000e+03
2.829000000000000000e+03
3.730000000000000000e+03
2.692000000000000000e+03
3.109000000000000000e+03
4.197000000000000000e+03
2.727000000000000000e+03
2.648000000000000000e+03
2.572000000000000000e+03
3.605000000000000000e+03
2.717000000000000000e+03
3.128000000000000000e+03
3.140000000000000000e+03
2.559000000000000000e+03
3.483000000000000000e+03
2.292000000000000000e+03
2.557000000000000000e+03
2.689000000000000000e+03
3.071000000000000000e+03
2.926000000000000000e+03
3.184000000000000000e+03
2.728000000000000000e+03
2.813000000000000000e+03
3.274000000000000000e+03
2.973000000000000000e+03
2.400000000000000000e+03
2.451000000000000000e+03
2.653000000000000000e+03
2.444000000000000000e+03
2.975000000000000000e+03
2.775000000000000000e+03
2.543000000000000000e+03
2.970000000000000000e+03
2.807000000000000000e+03
2.889000000000000000e+03
2.853000000000000000e+03
3.023000000000000000e+03
3.366000000000000000e+03
2.990000000000000000e+03
3.163000000000000000e+03
2.746000000000000000e+03
2.707000000000000000e+03
3.315000000000000000e+03
3.120000000000000000e+03
2.572000000000000000e+03
2.391000000000000000e+03
2.267000000000000000e+03
2.379000000000000000e+03
2.573000000000000000e+03
2.978000000000000000e+03
2.923000000000000000e+03
2.725000000000000000e+03
2.547000000000000000e+03
2.430000000000000000e+03
3.287000000000000000e+03
2.946000000000000000e+03
2.932000000000000000e+03
2.718000000000000000e+03
2.375000000000000000e+03
2.475000000000000000e+03
2.402000000000000000e+03
2.971000000000000000e+03
2.329000000000000000e+03
1.988000000000000000e+03
2.862000000000000000e+03
2.514000000000000000e+03
3.046000000000000000e+03
2.950000000000000000e+03
2.883000000000000000e+03
2.836000000000000000e+03
2.687000000000000000e+03
2.710000000000000000e+03
2.498000000000000000e+03
3.044000000000000000e+03
2.642000000000000000e+03
2.511000000000000000e+03
1.991000000000000000e+03
2.585000000000000000e+03
2.316000000000000000e+03
3.331000000000000000e+03
2.606000000000000000e+03
2.749000000000000000e+03
2.828000000000000000e+03
2.558000000000000000e+03
2.559000000000000000e+03
1.937000000000000000e+03
2.272000000000000000e+03
2.369000000000000000e+03
2.461000000000000000e+03
2.490000000000000000e+03
2.427000000000000000e+03
2.271000000000000000e+03
2.450000000000000000e+03
2.671000000000000000e+03
2.416000000000000000e+03
1.880000000000000000e+03
3.220000000000000000e+03
2.225000000000000000e+03
2.090000000000000000e+03
2.058000000000000000e+03
3.193000000000000000e+03
2.210000000000000000e+03
2.182000000000000000e+03
2.246000000000000000e+03
1.839000000000000000e+03
2.683000000000000000e+03
0.000000000000000000e+00
0.000000000000000000e+00
0.000000000000000000e+00
0.000000000000000000e+00
0.000000000000000000e+00
0.000000000000000000e+00
0.000000000000000000e+00
0.000000000000000000e+00
0.000000000000000000e+00
0.000000000000000000e+00
0.000000000000000000e+00
0.000000000000000000e+00
0.000000000000000000e+00
0.000000000000000000e+00
0.000000000000000000e+00
0.000000000000000000e+00
0.000000000000000000e+00
0.000000000000000000e+00
0.000000000000000000e+00
0.000000000000000000e+00
0.000000000000000000e+00
0.000000000000000000e+00
0.000000000000000000e+00
0.000000000000000000e+00
0.000000000000000000e+00
0.000000000000000000e+00
0.000000000000000000e+00
0.000000000000000000e+00
0.000000000000000000e+00
0.000000000000000000e+00
0.000000000000000000e+00
0.000000000000000000e+00
0.000000000000000000e+00
0.000000000000000000e+00
0.000000000000000000e+00
0.000000000000000000e+00
0.000000000000000000e+00
0.000000000000000000e+00
0.000000000000000000e+00
0.000000000000000000e+00
0.000000000000000000e+00
0.000000000000000000e+00
0.000000000000000000e+00
0.000000000000000000e+00
0.000000000000000000e+00
0.000000000000000000e+00
0.000000000000000000e+00
0.000000000000000000e+00
0.000000000000000000e+00
0.000000000000000000e+00
0.000000000000000000e+00
0.000000000000000000e+00
0.000000000000000000e+00
0.000000000000000000e+00
0.000000000000000000e+00
0.000000000000000000e+00
0.000000000000000000e+00
0.000000000000000000e+00
0.000000000000000000e+00
0.000000000000000000e+00
0.000000000000000000e+00
0.000000000000000000e+00
0.000000000000000000e+00
0.000000000000000000e+00
0.000000000000000000e+00
0.000000000000000000e+00
0.000000000000000000e+00
0.000000000000000000e+00
0.000000000000000000e+00
0.000000000000000000e+00
0.000000000000000000e+00
0.000000000000000000e+00
0.000000000000000000e+00
0.000000000000000000e+00
0.000000000000000000e+00
0.000000000000000000e+00
0.000000000000000000e+00
0.000000000000000000e+00
0.000000000000000000e+00
0.000000000000000000e+00
0.000000000000000000e+00
0.000000000000000000e+00
0.000000000000000000e+00
0.000000000000000000e+00
0.000000000000000000e+00
0.000000000000000000e+00
0.000000000000000000e+00
0.000000000000000000e+00
0.000000000000000000e+00
0.000000000000000000e+00
0.000000000000000000e+00
0.000000000000000000e+00
0.000000000000000000e+00
0.000000000000000000e+00
0.000000000000000000e+00
0.000000000000000000e+00
0.000000000000000000e+00
0.000000000000000000e+00
0.000000000000000000e+00
0.000000000000000000e+00
0.000000000000000000e+00
0.000000000000000000e+00
0.000000000000000000e+00
0.000000000000000000e+00
0.000000000000000000e+00
0.000000000000000000e+00
0.000000000000000000e+00
0.000000000000000000e+00
0.000000000000000000e+00
0.000000000000000000e+00
0.000000000000000000e+00
0.000000000000000000e+00
0.000000000000000000e+00
0.000000000000000000e+00
0.000000000000000000e+00
0.000000000000000000e+00
0.000000000000000000e+00
0.000000000000000000e+00
0.000000000000000000e+00
0.000000000000000000e+00
0.000000000000000000e+00
0.000000000000000000e+00
0.000000000000000000e+00
0.000000000000000000e+00
0.000000000000000000e+00
0.000000000000000000e+00
0.000000000000000000e+00
0.000000000000000000e+00
0.000000000000000000e+00
0.000000000000000000e+00
0.000000000000000000e+00
0.000000000000000000e+00
0.000000000000000000e+00
0.000000000000000000e+00
0.000000000000000000e+00
0.000000000000000000e+00
0.000000000000000000e+00
0.000000000000000000e+00
0.000000000000000000e+00
0.000000000000000000e+00
0.000000000000000000e+00
0.000000000000000000e+00
0.000000000000000000e+00
0.000000000000000000e+00
0.000000000000000000e+00
0.000000000000000000e+00
0.000000000000000000e+00
0.000000000000000000e+00
0.000000000000000000e+00
0.000000000000000000e+00
0.000000000000000000e+00
0.000000000000000000e+00
0.000000000000000000e+00
0.000000000000000000e+00
0.000000000000000000e+00
0.000000000000000000e+00
0.000000000000000000e+00
0.000000000000000000e+00
0.000000000000000000e+00
0.000000000000000000e+00
0.000000000000000000e+00
0.000000000000000000e+00
0.000000000000000000e+00
0.000000000000000000e+00
0.000000000000000000e+00
0.000000000000000000e+00
0.000000000000000000e+00
0.000000000000000000e+00
0.000000000000000000e+00
0.000000000000000000e+00
0.000000000000000000e+00
0.000000000000000000e+00
0.000000000000000000e+00
0.000000000000000000e+00
0.000000000000000000e+00
0.000000000000000000e+00
0.000000000000000000e+00
0.000000000000000000e+00
0.000000000000000000e+00
0.000000000000000000e+00
0.000000000000000000e+00
0.000000000000000000e+00
0.000000000000000000e+00
0.000000000000000000e+00
0.000000000000000000e+00
0.000000000000000000e+00
0.000000000000000000e+00
0.000000000000000000e+00
0.000000000000000000e+00
0.000000000000000000e+00
0.000000000000000000e+00
0.000000000000000000e+00
0.000000000000000000e+00
0.000000000000000000e+00
0.000000000000000000e+00
0.000000000000000000e+00
0.000000000000000000e+00
0.000000000000000000e+00
0.000000000000000000e+00
0.000000000000000000e+00
0.000000000000000000e+00
0.000000000000000000e+00
0.000000000000000000e+00
0.000000000000000000e+00
0.000000000000000000e+00
0.000000000000000000e+00
0.000000000000000000e+00
0.000000000000000000e+00
0.000000000000000000e+00
0.000000000000000000e+00
0.000000000000000000e+00
0.000000000000000000e+00
0.000000000000000000e+00
0.000000000000000000e+00
0.000000000000000000e+00
0.000000000000000000e+00
0.000000000000000000e+00
0.000000000000000000e+00
0.000000000000000000e+00
0.000000000000000000e+00
0.000000000000000000e+00
0.000000000000000000e+00
0.000000000000000000e+00
0.000000000000000000e+00
0.000000000000000000e+00
0.000000000000000000e+00
0.000000000000000000e+00
0.000000000000000000e+00
0.000000000000000000e+00
0.000000000000000000e+00
0.000000000000000000e+00
0.000000000000000000e+00
0.000000000000000000e+00
0.000000000000000000e+00
0.000000000000000000e+00
0.000000000000000000e+00
0.000000000000000000e+00
0.000000000000000000e+00
0.000000000000000000e+00
0.000000000000000000e+00
0.000000000000000000e+00
0.000000000000000000e+00
0.000000000000000000e+00
0.000000000000000000e+00
0.000000000000000000e+00
0.000000000000000000e+00
0.000000000000000000e+00
0.000000000000000000e+00
0.000000000000000000e+00
0.000000000000000000e+00
0.000000000000000000e+00
0.000000000000000000e+00
0.000000000000000000e+00
0.000000000000000000e+00
0.000000000000000000e+00
0.000000000000000000e+00
0.000000000000000000e+00
