0.000000000000000000e+00
8.291111111111110858e+02
7.561333333333333258e+02
7.727111111111111086e+02
8.025777777777777828e+02
7.311777777777778056e+02
7.403555555555556111e+02
7.161777777777778056e+02
7.126222222222222626e+02
6.696222222222222626e+02
6.429777777777777601e+02
6.779777777777777601e+02
6.705555555555555429e+02
6.265333333333333030e+02
6.384444444444444571e+02
5.797333333333333485e+02
6.109111111111111541e+02
5.968222222222221944e+02
5.884222222222222172e+02
5.877999999999999545e+02
5.905111111111110631e+02
5.981333333333333258e+02
5.760444444444444798e+02
5.512444444444444116e+02
5.389555555555555202e+02
4.866666666666666856e+02
5.070666666666666629e+02
5.326444444444443889e+02
5.194666666666666970e+02
5.129333333333332803e+02
5.436000000000000227e+02
5.153999999999999773e+02
5.169111111111111541e+02
5.017333333333333485e+02
5.226888888888888687e+02
5.172888888888888914e+02
5.380444444444444798e+02
5.694888888888889369e+02
5.065111111111111200e+02
5.204222222222222172e+02
5.121555555555555657e+02
5.277555555555555884e+02
5.379333333333332803e+02
5.458888888888889142e+02
5.854666666666666970e+02
5.773333333333333712e+02
5.546666666666666288e+02
5.987777777777778283e+02
6.092888888888888914e+02
6.249777777777777601e+02
6.189555555555555202e+02
5.804666666666666970e+02
5.557777777777778283e+02
6.351555555555555657e+02
6.663333333333333712e+02
6.434222222222222172e+02
6.447111111111111086e+02
7.022000000000000455e+02
7.143333333333333712e+02
6.551333333333333258e+02
7.081777777777778056e+02
7.079333333333332803e+02
6.690888888888888459e+02
7.508666666666666742e+02
8.048444444444444343e+02
7.228888888888889142e+02
7.173777777777777374e+02
7.580222222222222399e+02
7.856444444444443889e+02
7.076444444444443889e+02
7.486444444444443889e+02
7.543111111111111313e+02
7.444666666666666970e+02
7.595555555555555429e+02
8.034666666666666970e+02
7.961333333333333258e+02
7.794222222222222172e+02
7.336888888888888687e+02
8.022666666666666515e+02
8.738888888888889142e+02
8.577555555555555884e+02
8.725333333333333030e+02
8.457111111111111086e+02
8.439777777777777601e+02
8.285111111111110631e+02
8.582666666666666515e+02
8.929555555555555202e+02
8.601111111111110858e+02
9.192222222222221717e+02
8.600000000000000000e+02
8.553111111111111313e+02
8.988888888888889142e+02
8.826000000000000227e+02
8.738888888888889142e+02
9.381111111111110858e+02
8.319555555555555202e+02
8.402222222222221717e+02
8.611333333333333258e+02
8.486444444444443889e+02
8.245777777777777828e+02
8.622666666666666515e+02
8.051333333333333258e+02
8.389777777777777601e+02
7.735777777777777828e+02
8.076222222222222626e+02
7.538444444444444343e+02
7.483777777777777374e+02
6.910444444444444798e+02
7.860000000000000000e+02
7.330888888888888459e+02
7.754666666666666970e+02
6.293555555555556111e+02
6.663777777777777374e+02
6.451333333333333258e+02
6.412444444444444116e+02
6.492000000000000455e+02
6.005555555555555429e+02
6.224888888888889369e+02
6.199555555555555202e+02
6.075111111111110631e+02
6.089111111111111541e+02
5.605777777777777828e+02
5.549555555555555202e+02
5.056444444444444457e+02
5.319777777777777601e+02
5.466444444444443889e+02
5.326444444444443889e+02
5.624888888888889369e+02
5.325111111111110631e+02
5.068222222222221944e+02
6.087999999999999545e+02
4.434444444444444571e+02
4.490000000000000000e+02
4.611111111111110858e+02
4.042666666666666515e+02
4.003333333333333144e+02
4.270444444444444230e+02
4.040222222222222399e+02
4.297111111111111086e+02
3.788888888888889142e+02
4.222444444444444684e+02
3.827777777777777715e+02
3.614444444444444571e+02
3.490888888888889028e+02
3.449111111111110972e+02
3.771111111111110858e+02
3.718888888888889142e+02
3.601555555555555657e+02
3.193555555555555543e+02
3.564666666666666401e+02
3.616222222222222058e+02
3.488888888888889142e+02
3.438888888888889142e+02
3.242444444444444684e+02
3.516000000000000227e+02
2.750888888888889028e+02
3.666000000000000227e+02
2.994666666666666401e+02
3.352222222222222285e+02
2.882222222222222285e+02
3.090222222222222399e+02
2.988666666666666742e+02
2.979111111111110972e+02
3.341999999999999886e+02
3.191111111111110858e+02
3.114888888888888800e+02
3.335555555555555429e+02
2.923555555555555543e+02
2.938222222222221944e+02
2.934888888888888800e+02
3.270444444444444230e+02
3.286444444444444457e+02
2.951777777777778056e+02
2.720666666666666629e+02
2.983333333333333144e+02
2.772222222222222285e+02
2.911555555555555657e+02
2.852666666666666515e+02
2.896222222222222058e+02
3.318888888888889142e+02
2.545555555555555429e+02
2.937555555555555316e+02
2.761111111111110858e+02
2.886666666666666856e+02
2.758000000000000114e+02
2.789777777777777601e+02
2.808000000000000114e+02
2.764888888888888800e+02
2.968666666666666742e+02
2.748666666666666742e+02
2.896888888888888687e+02
3.433999999999999773e+02
4.555333333333333599e+02
2.718444444444444343e+02
2.610888888888889028e+02
2.723333333333333144e+02
4.238222222222221944e+02
2.812666666666666515e+02
2.991333333333333258e+02
2.859333333333333371e+02
2.875333333333333599e+02
3.157111111111111086e+02
2.783111111111111313e+02
2.903555555555555543e+02
2.866000000000000227e+02
3.016888888888888687e+02
3.106888888888888687e+02
2.785555555555555429e+02
2.791999999999999886e+02
2.760222222222222399e+02
2.797111111111111086e+02
2.596888888888888687e+02
2.700444444444444230e+02
2.592666666666666515e+02
2.917555555555555316e+02
2.752222222222222285e+02
2.612222222222222285e+02
2.844666666666666401e+02
3.065777777777777828e+02
2.944444444444444571e+02
2.891111111111110858e+02
2.831333333333333258e+02
2.498000000000000114e+02
2.757777777777777715e+02
2.698222222222221944e+02
2.532444444444444400e+02
2.806444444444444457e+02
3.124888888888888800e+02
2.935111111111111200e+02
2.621111111111110858e+02
2.904444444444444571e+02
3.621333333333333258e+02
2.728000000000000114e+02
2.885555555555555429e+02
2.945111111111111200e+02
3.125111111111111200e+02
3.040444444444444230e+02
3.039111111111110972e+02
2.868888888888889142e+02
3.333777777777777942e+02
3.115111111111111200e+02
2.945555555555555429e+02
3.177111111111111086e+02
2.913999999999999773e+02
3.113999999999999773e+02
3.151333333333333258e+02
3.153999999999999773e+02
3.148888888888889142e+02
3.393777777777777942e+02
2.872666666666666515e+02
3.038444444444444343e+02
3.031111111111110858e+02
3.346888888888888687e+02
3.475555555555555429e+02
3.029333333333333371e+02
3.797555555555555316e+02
3.903333333333333144e+02
3.078888888888889142e+02
3.314888888888888800e+02
3.174666666666666401e+02
4.763333333333333144e+02
3.287333333333333485e+02
4.635333333333333599e+02
3.328666666666666742e+02
3.739555555555555770e+02
3.431111111111110858e+02
4.979555555555555770e+02
3.165333333333333599e+02
3.245555555555555429e+02
3.486666666666666856e+02
3.305111111111111200e+02
3.153777777777777942e+02
3.269555555555555770e+02
3.421777777777778056e+02
3.607111111111111086e+02
3.407333333333333485e+02
3.590222222222222399e+02
3.919777777777777601e+02
4.001999999999999886e+02
3.865111111111111200e+02
3.786666666666666856e+02
3.233999999999999773e+02
3.747111111111111086e+02
3.732444444444444684e+02
3.472666666666666515e+02
3.718666666666666742e+02
3.857555555555555316e+02
3.434888888888888800e+02
3.627555555555555316e+02
4.105777777777777828e+02
3.550000000000000000e+02
3.588666666666666742e+02
4.018000000000000114e+02
3.789777777777777601e+02
3.826666666666666856e+02
3.847333333333333485e+02
3.373999999999999773e+02
3.979555555555555770e+02
4.266444444444444457e+02
3.412444444444444684e+02
3.696444444444444457e+02
3.588222222222221944e+02
3.667333333333333485e+02
3.783555555555555543e+02
3.851555555555555657e+02
3.552444444444444684e+02
3.930888888888889028e+02
3.710444444444444230e+02
3.662222222222222285e+02
4.607333333333333485e+02
3.922666666666666515e+02
3.648000000000000114e+02
3.793777777777777942e+02
3.830666666666666629e+02
3.901999999999999886e+02
3.516444444444444457e+02
3.783999999999999773e+02
3.678000000000000114e+02
3.724666666666666401e+02
4.049777777777777601e+02
4.276000000000000227e+02
3.535777777777777828e+02
3.698222222222221944e+02
3.287333333333333485e+02
4.123333333333333144e+02
3.324888888888888800e+02
3.541333333333333258e+02
3.522888888888888914e+02
3.588222222222221944e+02
3.744888888888888800e+02
3.963999999999999773e+02
3.484888888888888800e+02
3.890666666666666629e+02
3.093555555555555543e+02
3.444666666666666401e+02
3.388666666666666742e+02
3.599111111111110972e+02
3.353777777777777942e+02
3.344222222222222172e+02
3.048666666666666742e+02
3.403555555555555543e+02
3.641111111111110858e+02
3.680222222222222399e+02
3.740888888888889028e+02
3.436000000000000227e+02
3.429555555555555770e+02
3.417111111111111086e+02
3.348444444444444343e+02
3.372888888888888914e+02
3.319777777777777601e+02
3.311999999999999886e+02
3.385777777777777828e+02
3.493555555555555543e+02
3.391999999999999886e+02
3.273999999999999773e+02
3.152888888888888914e+02
3.480666666666666629e+02
3.553111111111111313e+02
3.346666666666666856e+02
3.659333333333333371e+02
3.388444444444444343e+02
3.744222222222222172e+02
3.474888888888888800e+02
3.135555555555555429e+02
3.772222222222222285e+02
3.864222222222222172e+02
3.734222222222222172e+02
3.584888888888888800e+02
3.487333333333333485e+02
3.432444444444444684e+02
3.548888888888889142e+02
3.658666666666666742e+02
3.585111111111111200e+02
3.639333333333333371e+02
3.149111111111110972e+02
3.489777777777777601e+02
3.718666666666666742e+02
3.433333333333333144e+02
3.762444444444444684e+02
3.687555555555555316e+02
3.843777777777777942e+02
3.672666666666666515e+02
3.622444444444444684e+02
4.307111111111111086e+02
4.091111111111110858e+02
3.520888888888889028e+02
3.700666666666666629e+02
3.628666666666666742e+02
3.993777777777777942e+02
4.019111111111110972e+02
4.040000000000000000e+02
3.478222222222221944e+02
3.939333333333333371e+02
3.706000000000000227e+02
4.165555555555555429e+02
3.907777777777777715e+02
3.935555555555555429e+02
3.790444444444444230e+02
3.891555555555555657e+02
3.770444444444444230e+02
4.153555555555555543e+02
3.609111111111110972e+02
4.071999999999999886e+02
3.879333333333333371e+02
3.943555555555555543e+02
4.361999999999999886e+02
4.336444444444444457e+02
4.440000000000000000e+02
4.176444444444444457e+02
4.022666666666666515e+02
4.115777777777777828e+02
4.007777777777777715e+02
4.427333333333333485e+02
4.075555555555555429e+02
4.568444444444444343e+02
4.094888888888888800e+02
4.633777777777777942e+02
4.323555555555555543e+02
4.025555555555555429e+02
4.448222222222221944e+02
5.415555555555555429e+02
3.885555555555555429e+02
4.354888888888888800e+02
4.508888888888889142e+02
4.426000000000000227e+02
4.416666666666666856e+02
4.443111111111111313e+02
4.358666666666666742e+02
4.638222222222221944e+02
4.917555555555555316e+02
4.560888888888889028e+02
4.566888888888888687e+02
4.486666666666666856e+02
4.994666666666666401e+02
4.814444444444444571e+02
4.425555555555555429e+02
4.980888888888889028e+02
4.387111111111111086e+02
4.376888888888888687e+02
4.602666666666666515e+02
6.076000000000000227e+02
5.145333333333333030e+02
4.887777777777777715e+02
4.896222222222222058e+02
5.227111111111111086e+02
4.408444444444444343e+02
4.789333333333333371e+02
5.321333333333333258e+02
6.779555555555555202e+02
4.895333333333333599e+02
6.056222222222222626e+02
5.279777777777777601e+02
5.959555555555555202e+02
5.022222222222222285e+02
5.537333333333333485e+02
5.273999999999999773e+02
5.622222222222221717e+02
5.262222222222221717e+02
5.522444444444444116e+02
5.507111111111111086e+02
5.675555555555555429e+02
5.900444444444444798e+02
5.487333333333333485e+02
5.492888888888888914e+02
5.745777777777777828e+02
6.286444444444443889e+02
6.113555555555556111e+02
5.722888888888888914e+02
5.444222222222222172e+02
6.333999999999999773e+02
6.295111111111110631e+02
6.014444444444444571e+02
6.707777777777778283e+02
6.259777777777777601e+02
5.980000000000000000e+02
5.929777777777777601e+02
5.907333333333333485e+02
6.549555555555555202e+02
6.442666666666666515e+02
6.708222222222221944e+02
6.606222222222222626e+02
6.663333333333333712e+02
6.682666666666666515e+02
6.407555555555555884e+02
7.330666666666667197e+02
6.880444444444444798e+02
7.486666666666666288e+02
8.432444444444444116e+02
6.926222222222222626e+02
6.960666666666667197e+02
7.610888888888888459e+02
8.363999999999999773e+02
7.215333333333333030e+02
6.990666666666667197e+02
7.170222222222222399e+02
8.310444444444444798e+02
7.425777777777777828e+02
7.246666666666666288e+02
8.039333333333332803e+02
7.959111111111111541e+02
8.391333333333333258e+02
8.427555555555555884e+02
8.630888888888888459e+02
8.671555555555555657e+02
8.796222222222222626e+02
8.768222222222221944e+02
8.517111111111111086e+02
8.746222222222222626e+02
8.879333333333332803e+02
9.037999999999999545e+02
9.407999999999999545e+02
1.009644444444444389e+03
1.058022222222222126e+03
1.040688888888888869e+03
1.034777777777777828e+03
1.148955555555555520e+03
1.066711111111111222e+03
1.031111111111111086e+03
1.101911111111111040e+03
1.073777777777777828e+03
1.119088888888888960e+03
1.082622222222222263e+03
1.168444444444444343e+03
1.152066666666666606e+03
1.222711111111111222e+03
1.244333333333333258e+03
1.325888888888888914e+03
1.275200000000000045e+03
1.325355555555555611e+03
1.275466666666666697e+03
1.367155555555555566e+03
1.330777777777777828e+03
1.293000000000000000e+03
1.395133333333333439e+03
1.472111111111111086e+03
1.503266666666666652e+03
1.548822222222222308e+03
1.420466666666666697e+03
1.530422222222222217e+03
1.556333333333333258e+03
1.578222222222222172e+03
1.609577777777777783e+03
1.674622222222222263e+03
1.774311111111111131e+03
1.788133333333333439e+03
1.687311111111111131e+03
1.894022222222222126e+03
1.742711111111111222e+03
1.891777777777777828e+03
1.967444444444444343e+03
1.983422222222222217e+03
2.004444444444444343e+03
2.126177777777777919e+03
2.119599999999999909e+03
2.180555555555555657e+03
2.213288888888888778e+03
2.228444444444444343e+03
2.215199999999999818e+03
2.368288888888888778e+03
2.358800000000000182e+03
2.529844444444444434e+03
2.532199999999999818e+03
2.687755555555555475e+03
2.679288888888888778e+03
2.863111111111111313e+03
2.927533333333333303e+03
3.089755555555555475e+03
2.999333333333333485e+03
3.301599999999999909e+03
3.262333333333333485e+03
3.352400000000000091e+03
3.439822222222222081e+03
3.557466666666666697e+03
3.602000000000000000e+03
3.811577777777777555e+03
3.961644444444444616e+03
4.514622222222222263e+03
4.539066666666666606e+03
4.725977777777778101e+03
5.050933333333333394e+03
5.175844444444444889e+03
5.188244444444444525e+03
5.585755555555555475e+03
5.625266666666666424e+03
5.925244444444444525e+03
6.062488888888889051e+03
6.522777777777777374e+03
6.735911111111111495e+03
6.911244444444444525e+03
7.360777777777777374e+03
7.811022222222221899e+03
8.045755555555555475e+03
8.320666666666666060e+03
8.838311111111110222e+03
9.326888888888888687e+03
9.441799999999999272e+03
1.013177777777777737e+04
1.103795555555555620e+04
1.166762222222222226e+04
1.209793333333333248e+04
1.266511111111111131e+04
1.319473333333333358e+04
1.371353333333333285e+04
1.411702222222222190e+04
1.514493333333333248e+04
1.568079999999999927e+04
1.603666666666666606e+04
1.681628888888888832e+04
1.785957777777777665e+04
1.820064444444444598e+04
1.890775555555555547e+04
1.972500000000000000e+04
2.059128888888888832e+04
2.083475555555555547e+04
2.192426666666666642e+04
2.196082222222222117e+04
2.242697777777777810e+04
2.279908888888888760e+04
2.309313333333333503e+04
2.326484444444444307e+04
2.312226666666666642e+04
2.306153333333333285e+04
2.385240000000000146e+04
2.298164444444444598e+04
2.338288888888889051e+04
2.274137777777777956e+04
2.258473333333333358e+04
2.172648888888888905e+04
2.209095555555555620e+04
2.157935555555555402e+04
2.114953333333333285e+04
2.087962222222222044e+04
2.046911111111110949e+04
2.020000000000000000e+04
2.006477777777777737e+04
1.898862222222222044e+04
1.859595555555555620e+04
1.795682222222222117e+04
1.790300000000000000e+04
1.748557777777777665e+04
1.657242222222222335e+04
1.636217777777777701e+04
1.642622222222222263e+04
1.591313333333333321e+04
1.589253333333333285e+04
1.607444444444444525e+04
1.570131111111111022e+04
1.600411111111111131e+04
1.582439999999999964e+04
1.575151111111111095e+04
1.619804444444444380e+04
1.593568888888888978e+04
1.575966666666666606e+04
1.574295555555555620e+04
1.594675555555555547e+04
1.611795555555555620e+04
1.595551111111111095e+04
1.576160000000000036e+04
1.597679999999999927e+04
1.539779999999999927e+04
1.531231111111111022e+04
1.626942222222222154e+04
1.602522222222222263e+04
1.549279999999999927e+04
1.531615555555555511e+04
1.480535555555555584e+04
1.443906666666666752e+04
1.381993333333333248e+04
1.379635555555555584e+04
1.321560000000000036e+04
1.297057777777777846e+04
1.241457777777777846e+04
1.218742222222222154e+04
1.171257777777777846e+04
1.145266666666666606e+04
1.084395555555555620e+04
1.052237777777777774e+04
1.023457777777777846e+04
9.841822222222222990e+03
9.408244444444444525e+03
8.786288888888888323e+03
8.542955555555556202e+03
8.247377777777777737e+03
7.983533333333333758e+03
7.706488888888889051e+03
7.292955555555555293e+03
6.810933333333333394e+03
6.603644444444444161e+03
6.371622222222222263e+03
6.210644444444444161e+03
5.839066666666666606e+03
5.661133333333333212e+03
5.586377777777777737e+03
5.113933333333333394e+03
5.035288888888889232e+03
4.851511111111110949e+03
4.583133333333333212e+03
4.620800000000000182e+03
4.393444444444444343e+03
4.122399999999999636e+03
4.183333333333333030e+03
3.911644444444444616e+03
3.769711111111111222e+03
3.779844444444444434e+03
3.309311111111111131e+03
3.227022222222222354e+03
3.139333333333333485e+03
3.039777777777777828e+03
2.825377777777777737e+03
2.803377777777777737e+03
2.717444444444444343e+03
2.721955555555555748e+03
2.700333333333333485e+03
2.515044444444444252e+03
2.383866666666666788e+03
2.325822222222222081e+03
2.362733333333333121e+03
2.194777777777777828e+03
2.153355555555555384e+03
2.149288888888888778e+03
2.151666666666666515e+03
2.051688888888888869e+03
2.005133333333333439e+03
1.898844444444444434e+03
1.900155555555555566e+03
1.899288888888888778e+03
1.908622222222222263e+03
1.844622222222222263e+03
1.797488888888888823e+03
1.700555555555555657e+03
1.719911111111111040e+03
1.627288888888888778e+03
1.630088888888888960e+03
1.564155555555555566e+03
1.572511111111111177e+03
1.681955555555555520e+03
1.503688888888888869e+03
1.491777777777777828e+03
1.466155555555555566e+03
1.430799999999999955e+03
1.397355555555555611e+03
1.428111111111111086e+03
1.395733333333333348e+03
1.285911111111111040e+03
1.355177777777777692e+03
1.210066666666666606e+03
1.235533333333333303e+03
1.276022222222222126e+03
1.212599999999999909e+03
1.192266666666666652e+03
1.234333333333333258e+03
1.131933333333333394e+03
1.165377777777777737e+03
1.057488888888888823e+03
1.076755555555555475e+03
1.038799999999999955e+03
1.022533333333333303e+03
1.076133333333333439e+03
1.069222222222222172e+03
1.035200000000000045e+03
9.753111111111111313e+02
1.029022222222222126e+03
1.043155555555555566e+03
9.552888888888888914e+02
1.031355555555555611e+03
1.051177777777777692e+03
9.902222222222221717e+02
9.712666666666666515e+02
9.423111111111111313e+02
9.017777777777778283e+02
8.528666666666666742e+02
8.391555555555555657e+02
8.392222222222221717e+02
8.263999999999999773e+02
8.486222222222222626e+02
8.352444444444444116e+02
8.603777777777777374e+02
8.084222222222222172e+02
7.955555555555555429e+02
7.832444444444444116e+02
8.023555555555556111e+02
7.418222222222221944e+02
7.550000000000000000e+02
7.606222222222222626e+02
7.356444444444443889e+02
7.526888888888888687e+02
7.030444444444444798e+02
7.205111111111110631e+02
7.483555555555556111e+02
7.080666666666667197e+02
7.789777777777777601e+02
6.938222222222221944e+02
7.260444444444444798e+02
7.127333333333333485e+02
6.690000000000000000e+02
7.885555555555555429e+02
6.701333333333333258e+02
6.729111111111111541e+02
6.409333333333332803e+02
7.916666666666666288e+02
6.195111111111110631e+02
6.169333333333332803e+02
6.338444444444444343e+02
6.085555555555555429e+02
6.603333333333333712e+02
6.638666666666666742e+02
6.329111111111111541e+02
6.224888888888889369e+02
6.515555555555555429e+02
5.924666666666666970e+02
5.841111111111110858e+02
6.019333333333332803e+02
5.424666666666666970e+02
5.890222222222222399e+02
5.860888888888888459e+02
5.613555555555556111e+02
5.953777777777777374e+02
7.144444444444444571e+02
5.690444444444444798e+02
5.766444444444443889e+02
5.550000000000000000e+02
5.507777777777778283e+02
5.537333333333333485e+02
5.525555555555555429e+02
5.283555555555556111e+02
5.594444444444444571e+02
5.442000000000000455e+02
5.371111111111110858e+02
5.263555555555556111e+02
5.275777777777777828e+02
5.186444444444443889e+02
5.531555555555555657e+02
5.381111111111110858e+02
5.241111111111110858e+02
5.461777777777778056e+02
5.039555555555555770e+02
4.961777777777778056e+02
4.940666666666666629e+02
4.977333333333333485e+02
4.819555555555555770e+02
4.879555555555555770e+02
5.091111111111110858e+02
4.728444444444444343e+02
4.572222222222222285e+02
5.284666666666666970e+02
5.870222222222222399e+02
4.527111111111111086e+02
4.680222222222222399e+02
4.719777777777777601e+02
4.856222222222222058e+02
4.631555555555555657e+02
4.494444444444444571e+02
4.583777777777777942e+02
5.077555555555555316e+02
4.614444444444444571e+02
4.177555555555555316e+02
4.308666666666666742e+02
4.084222222222222172e+02
4.741999999999999886e+02
4.054222222222222172e+02
4.227777777777777715e+02
4.330666666666666629e+02
4.142222222222222285e+02
4.108000000000000114e+02
4.256222222222222058e+02
4.438666666666666742e+02
4.287777777777777715e+02
4.079111111111110972e+02
4.397111111111111086e+02
4.256888888888888687e+02
4.166666666666666856e+02
4.044888888888888800e+02
4.044666666666666401e+02
4.052666666666666515e+02
4.083555555555555543e+02
4.082222222222222285e+02
4.458000000000000114e+02
4.280000000000000000e+02
4.157333333333333485e+02
4.056888888888888687e+02
4.312222222222222285e+02
3.940000000000000000e+02
4.163777777777777942e+02
4.068888888888889142e+02
3.989111111111110972e+02
3.607555555555555316e+02
3.796666666666666856e+02
4.019777777777777601e+02
3.956666666666666856e+02
3.821333333333333258e+02
3.660888888888889028e+02
3.617555555555555316e+02
4.012222222222222285e+02
3.326666666666666856e+02
3.651777777777778056e+02
0.000000000000000000e+00
0.000000000000000000e+00
0.000000000000000000e+00
0.000000000000000000e+00
0.000000000000000000e+00
3.622222222222222232e+00
0.000000000000000000e+00
0.000000000000000000e+00
0.000000000000000000e+00
0.000000000000000000e+00
0.000000000000000000e+00
0.000000000000000000e+00
0.000000000000000000e+00
0.000000000000000000e+00
0.000000000000000000e+00
5.555555555555555358e+00
0.000000000000000000e+00
0.000000000000000000e+00
0.000000000000000000e+00
0.000000000000000000e+00
0.000000000000000000e+00
0.000000000000000000e+00
0.000000000000000000e+00
0.000000000000000000e+00
0.000000000000000000e+00
0.000000000000000000e+00
0.000000000000000000e+00
0.000000000000000000e+00
0.000000000000000000e+00
0.000000000000000000e+00
0.000000000000000000e+00
0.000000000000000000e+00
0.000000000000000000e+00
0.000000000000000000e+00
0.000000000000000000e+00
0.000000000000000000e+00
0.000000000000000000e+00
0.000000000000000000e+00
0.000000000000000000e+00
0.000000000000000000e+00
0.000000000000000000e+00
0.000000000000000000e+00
0.000000000000000000e+00
0.000000000000000000e+00
0.000000000000000000e+00
0.000000000000000000e+00
0.000000000000000000e+00
0.000000000000000000e+00
0.000000000000000000e+00
0.000000000000000000e+00
0.000000000000000000e+00
0.000000000000000000e+00
3.888888888888888840e+00
0.000000000000000000e+00
0.000000000000000000e+00
0.000000000000000000e+00
0.000000000000000000e+00
0.000000000000000000e+00
0.000000000000000000e+00
0.000000000000000000e+00
6.888888888888888840e-01
0.000000000000000000e+00
0.000000000000000000e+00
0.000000000000000000e+00
0.000000000000000000e+00
0.000000000000000000e+00
0.000000000000000000e+00
6.888888888888888840e-01
0.000000000000000000e+00
0.000000000000000000e+00
0.000000000000000000e+00
3.000000000000000000e+00
7.111111111111111382e-01
0.000000000000000000e+00
0.000000000000000000e+00
0.000000000000000000e+00
0.000000000000000000e+00
0.000000000000000000e+00
6.666666666666666963e+00
0.000000000000000000e+00
0.000000000000000000e+00
0.000000000000000000e+00
0.000000000000000000e+00
0.000000000000000000e+00
0.000000000000000000e+00
0.000000000000000000e+00
0.000000000000000000e+00
0.000000000000000000e+00
6.799999999999999822e+00
0.000000000000000000e+00
0.000000000000000000e+00
0.000000000000000000e+00
0.000000000000000000e+00
0.000000000000000000e+00
0.000000000000000000e+00
0.000000000000000000e+00
0.000000000000000000e+00
0.000000000000000000e+00
0.000000000000000000e+00
0.000000000000000000e+00
0.000000000000000000e+00
0.000000000000000000e+00
0.000000000000000000e+00
0.000000000000000000e+00
0.000000000000000000e+00
0.000000000000000000e+00
0.000000000000000000e+00
0.000000000000000000e+00
0.000000000000000000e+00
0.000000000000000000e+00
0.000000000000000000e+00
0.000000000000000000e+00
0.000000000000000000e+00
0.000000000000000000e+00
0.000000000000000000e+00
0.000000000000000000e+00
0.000000000000000000e+00
0.000000000000000000e+00
0.000000000000000000e+00
0.000000000000000000e+00
0.000000000000000000e+00
0.000000000000000000e+00
0.000000000000000000e+00
0.000000000000000000e+00
7.111111111111111382e-01
0.000000000000000000e+00
0.000000000000000000e+00
0.000000000000000000e+00
0.000000000000000000e+00
0.000000000000000000e+00
0.000000000000000000e+00
0.000000000000000000e+00
0.000000000000000000e+00
0.000000000000000000e+00
0.000000000000000000e+00
0.000000000000000000e+00
0.000000000000000000e+00
0.000000000000000000e+00
0.000000000000000000e+00
0.000000000000000000e+00
0.000000000000000000e+00
0.000000000000000000e+00
0.000000000000000000e+00
0.000000000000000000e+00
0.000000000000000000e+00
0.000000000000000000e+00
0.000000000000000000e+00
0.000000000000000000e+00
0.000000000000000000e+00
2.177777777777777590e+00
0.000000000000000000e+00
0.000000000000000000e+00
0.000000000000000000e+00
1.377777777777777768e+00
0.000000000000000000e+00
0.000000000000000000e+00
0.000000000000000000e+00
0.000000000000000000e+00
0.000000000000000000e+00
0.000000000000000000e+00
0.000000000000000000e+00
0.000000000000000000e+00
0.000000000000000000e+00
0.000000000000000000e+00
0.000000000000000000e+00
0.000000000000000000e+00
0.000000000000000000e+00
0.000000000000000000e+00
1.399999999999999911e+00
0.000000000000000000e+00
4.511111111111111072e+00
0.000000000000000000e+00
0.000000000000000000e+00
0.000000000000000000e+00
0.000000000000000000e+00
0.000000000000000000e+00
0.000000000000000000e+00
0.000000000000000000e+00
0.000000000000000000e+00
7.111111111111111382e-01
0.000000000000000000e+00
1.111111111111111160e+00
0.000000000000000000e+00
0.000000000000000000e+00
0.000000000000000000e+00
0.000000000000000000e+00
0.000000000000000000e+00
0.000000000000000000e+00
0.000000000000000000e+00
0.000000000000000000e+00
0.000000000000000000e+00
0.000000000000000000e+00
0.000000000000000000e+00
0.000000000000000000e+00
0.000000000000000000e+00
5.422222222222222499e+00
0.000000000000000000e+00
0.000000000000000000e+00
0.000000000000000000e+00
0.000000000000000000e+00
0.000000000000000000e+00
0.000000000000000000e+00
0.000000000000000000e+00
0.000000000000000000e+00
6.888888888888888840e-01
4.977777777777777857e+00
0.000000000000000000e+00
0.000000000000000000e+00
0.000000000000000000e+00
0.000000000000000000e+00
0.000000000000000000e+00
0.000000000000000000e+00
0.000000000000000000e+00
0.000000000000000000e+00
0.000000000000000000e+00
0.000000000000000000e+00
0.000000000000000000e+00
0.000000000000000000e+00
0.000000000000000000e+00
2.200000000000000178e+00
0.000000000000000000e+00
0.000000000000000000e+00
0.000000000000000000e+00
0.000000000000000000e+00
0.000000000000000000e+00
0.000000000000000000e+00
0.000000000000000000e+00
0.000000000000000000e+00
0.000000000000000000e+00
0.000000000000000000e+00
0.000000000000000000e+00
2.288888888888888751e+00
0.000000000000000000e+00
0.000000000000000000e+00
0.000000000000000000e+00
0.000000000000000000e+00
0.000000000000000000e+00
0.000000000000000000e+00
0.000000000000000000e+00
0.000000000000000000e+00
0.000000000000000000e+00
0.000000000000000000e+00
0.000000000000000000e+00
0.000000000000000000e+00
0.000000000000000000e+00
6.888888888888888840e-01
0.000000000000000000e+00
0.000000000000000000e+00
0.000000000000000000e+00
0.000000000000000000e+00
0.000000000000000000e+00
0.000000000000000000e+00
0.000000000000000000e+00
0.000000000000000000e+00
0.000000000000000000e+00
0.000000000000000000e+00
0.000000000000000000e+00
0.000000000000000000e+00
5.333333333333333037e+00
0.000000000000000000e+00
0.000000000000000000e+00
0.000000000000000000e+00
0.000000000000000000e+00
0.000000000000000000e+00
6.888888888888888840e-01
0.000000000000000000e+00
0.000000000000000000e+00
0.000000000000000000e+00
0.000000000000000000e+00
0.000000000000000000e+00
0.000000000000000000e+00
0.000000000000000000e+00
0.000000000000000000e+00
0.000000000000000000e+00
0.000000000000000000e+00
0.000000000000000000e+00
0.000000000000000000e+00
0.000000000000000000e+00
0.000000000000000000e+00
4.799999999999999822e+00
0.000000000000000000e+00
0.000000000000000000e+00
0.000000000000000000e+00
0.000000000000000000e+00
0.000000000000000000e+00
0.000000000000000000e+00
0.000000000000000000e+00
0.000000000000000000e+00
0.000000000000000000e+00
0.000000000000000000e+00
0.000000000000000000e+00
0.000000000000000000e+00
0.000000000000000000e+00
0.000000000000000000e+00
2.844444444444444553e+00
0.000000000000000000e+00
0.000000000000000000e+00
0.000000000000000000e+00
0.000000000000000000e+00
0.000000000000000000e+00
0.000000000000000000e+00
0.000000000000000000e+00
0.000000000000000000e+00
0.000000000000000000e+00
0.000000000000000000e+00
0.000000000000000000e+00
0.000000000000000000e+00
3.577777777777777946e+00
1.422222222222222276e+00
0.000000000000000000e+00
0.000000000000000000e+00
0.000000000000000000e+00
0.000000000000000000e+00
0.000000000000000000e+00
0.000000000000000000e+00
5.066666666666666430e+00
0.000000000000000000e+00
0.000000000000000000e+00
0.000000000000000000e+00
0.000000000000000000e+00
0.000000000000000000e+00
0.000000000000000000e+00
0.000000000000000000e+00
0.000000000000000000e+00
0.000000000000000000e+00
0.000000000000000000e+00
0.000000000000000000e+00
0.000000000000000000e+00
0.000000000000000000e+00
0.000000000000000000e+00
0.000000000000000000e+00
0.000000000000000000e+00
0.000000000000000000e+00
0.000000000000000000e+00
0.000000000000000000e+00
0.000000000000000000e+00
0.000000000000000000e+00
0.000000000000000000e+00
7.111111111111111382e-01
0.000000000000000000e+00
0.000000000000000000e+00
0.000000000000000000e+00
4.955555555555555713e+00
0.000000000000000000e+00
0.000000000000000000e+00
0.000000000000000000e+00
0.000000000000000000e+00
0.000000000000000000e+00
0.000000000000000000e+00
0.000000000000000000e+00
0.000000000000000000e+00
0.000000000000000000e+00
0.000000000000000000e+00
0.000000000000000000e+00
0.000000000000000000e+00
0.000000000000000000e+00
0.000000000000000000e+00
0.000000000000000000e+00
0.000000000000000000e+00
0.000000000000000000e+00
0.000000000000000000e+00
0.000000000000000000e+00
0.000000000000000000e+00
0.000000000000000000e+00
0.000000000000000000e+00
0.000000000000000000e+00
0.000000000000000000e+00
0.000000000000000000e+00
0.000000000000000000e+00
0.000000000000000000e+00
0.000000000000000000e+00
0.000000000000000000e+00
0.000000000000000000e+00
0.000000000000000000e+00
0.000000000000000000e+00
0.000000000000000000e+00
0.000000000000000000e+00
0.000000000000000000e+00
0.000000000000000000e+00
0.000000000000000000e+00
0.000000000000000000e+00
0.000000000000000000e+00
0.000000000000000000e+00
0.000000000000000000e+00
0.000000000000000000e+00
