3.824000000000000000e+03
5.575000000000000000e+03
6.290000000000000000e+03
5.883000000000000000e+03
7.093000000000000000e+03
8.607000000000000000e+03
7.563000000000000000e+03
9.583000000000000000e+03
1.138100000000000000e+04
1.289800000000000000e+04
1.306800000000000000e+04
1.550900000000000000e+04
1.618500000000000000e+04
1.726300000000000000e+04
1.803000000000000000e+04
1.908100000000000000e+04
1.700000000000000000e+04
1.565600000000000000e+04
1.406400000000000000e+04
1.150300000000000000e+04
1.097900000000000000e+04
1.080200000000000000e+04
8.991000000000000000e+03
8.965000000000000000e+03
7.927000000000000000e+03
7.867000000000000000e+03
9.211000000000000000e+03
8.085000000000000000e+03
9.360000000000000000e+03
9.545000000000000000e+03
1.047800000000000000e+04
1.265200000000000000e+04
1.239900000000000000e+04
1.268900000000000000e+04
1.316700000000000000e+04
1.298400000000000000e+04
1.424000000000000000e+04
1.454200000000000000e+04
1.529600000000000000e+04
1.596200000000000000e+04
1.507600000000000000e+04
1.814900000000000000e+04
1.460700000000000000e+04
1.419400000000000000e+04
1.285500000000000000e+04
1.128400000000000000e+04
1.166700000000000000e+04
9.454000000000000000e+03
8.439000000000000000e+03
8.469000000000000000e+03
7.052000000000000000e+03
7.551000000000000000e+03
5.544000000000000000e+03
5.534000000000000000e+03
5.037000000000000000e+03
5.660000000000000000e+03
4.690000000000000000e+03
4.710000000000000000e+03
4.333000000000000000e+03
4.930000000000000000e+03
3.560000000000000000e+03
4.280000000000000000e+03
4.214000000000000000e+03
3.668000000000000000e+03
3.237000000000000000e+03
4.293000000000000000e+03
4.127000000000000000e+03
4.387000000000000000e+03
3.703000000000000000e+03
4.070000000000000000e+03
4.373000000000000000e+03
4.206000000000000000e+03
3.851000000000000000e+03
3.600000000000000000e+03
3.891000000000000000e+03
4.351000000000000000e+03
4.837000000000000000e+03
4.923000000000000000e+03
4.531000000000000000e+03
4.685000000000000000e+03
5.104000000000000000e+03
4.954000000000000000e+03
4.565000000000000000e+03
4.544000000000000000e+03
4.718000000000000000e+03
5.755000000000000000e+03
6.285000000000000000e+03
5.009000000000000000e+03
5.463000000000000000e+03
6.679000000000000000e+03
5.769000000000000000e+03
5.601000000000000000e+03
6.518000000000000000e+03
6.679000000000000000e+03
5.932000000000000000e+03
5.586000000000000000e+03
5.344000000000000000e+03
6.361000000000000000e+03
6.093000000000000000e+03
5.587000000000000000e+03
5.022000000000000000e+03
5.992000000000000000e+03
5.377000000000000000e+03
5.597000000000000000e+03
5.121000000000000000e+03
5.812000000000000000e+03
5.453000000000000000e+03
5.724000000000000000e+03
4.921000000000000000e+03
5.327000000000000000e+03
5.604000000000000000e+03
4.658000000000000000e+03
6.011000000000000000e+03
5.350000000000000000e+03
5.245000000000000000e+03
6.089000000000000000e+03
6.696000000000000000e+03
6.420000000000000000e+03
5.633000000000000000e+03
5.257000000000000000e+03
7.183000000000000000e+03
7.989000000000000000e+03
7.769000000000000000e+03
7.376000000000000000e+03
7.764000000000000000e+03
7.213000000000000000e+03
6.802000000000000000e+03
7.301000000000000000e+03
8.475000000000000000e+03
8.428000000000000000e+03
8.919000000000000000e+03
1.003100000000000000e+04
1.007800000000000000e+04
9.990000000000000000e+03
1.023900000000000000e+04
1.103400000000000000e+04
1.079800000000000000e+04
1.089600000000000000e+04
1.179000000000000000e+04
1.225000000000000000e+04
1.367800000000000000e+04
1.377100000000000000e+04
1.447700000000000000e+04
1.603600000000000000e+04
1.519000000000000000e+04
1.726700000000000000e+04
1.948500000000000000e+04
1.991600000000000000e+04
2.037400000000000000e+04
2.453800000000000000e+04
2.316500000000000000e+04
2.750500000000000000e+04
2.669800000000000000e+04
2.985100000000000000e+04
3.313700000000000000e+04
3.424500000000000000e+04
4.165100000000000000e+04
4.341900000000000000e+04
5.078000000000000000e+04
5.330900000000000000e+04
6.603300000000000000e+04
7.670300000000000000e+04
9.055800000000000000e+04
1.031140000000000000e+05
1.172540000000000000e+05
1.442720000000000000e+05
1.721700000000000000e+05
2.059430000000000000e+05
2.497370000000000000e+05
3.041500000000000000e+05
3.555870000000000000e+05
3.990750000000000000e+05
4.443190000000000000e+05
4.519770000000000000e+05
4.648150000000000000e+05
4.399860000000000000e+05
3.999770000000000000e+05
3.686260000000000000e+05
3.531470000000000000e+05
3.497920000000000000e+05
3.336760000000000000e+05
3.312200000000000000e+05
3.288750000000000000e+05
3.132160000000000000e+05
3.044440000000000000e+05
2.833120000000000000e+05
2.493810000000000000e+05
2.194570000000000000e+05
1.896710000000000000e+05
1.666820000000000000e+05
1.450730000000000000e+05
1.233830000000000000e+05
9.674800000000000000e+04
8.405700000000000000e+04
7.215400000000000000e+04
6.178200000000000000e+04
5.687200000000000000e+04
4.936900000000000000e+04
4.458100000000000000e+04
4.177400000000000000e+04
3.406900000000000000e+04
3.206000000000000000e+04
2.976300000000000000e+04
2.573600000000000000e+04
2.552500000000000000e+04
2.335100000000000000e+04
2.263100000000000000e+04
2.126200000000000000e+04
2.066600000000000000e+04
1.855700000000000000e+04
1.636300000000000000e+04
1.669600000000000000e+04
1.420200000000000000e+04
1.395800000000000000e+04
1.442400000000000000e+04
1.231200000000000000e+04
1.154500000000000000e+04
1.220000000000000000e+04
1.188300000000000000e+04
1.097300000000000000e+04
9.651000000000000000e+03
9.386000000000000000e+03
1.165800000000000000e+04
9.807000000000000000e+03
9.287000000000000000e+03
9.593000000000000000e+03
8.584000000000000000e+03
9.453000000000000000e+03
7.534000000000000000e+03
7.834000000000000000e+03
7.865000000000000000e+03
8.370000000000000000e+03
7.458000000000000000e+03
5.643000000000000000e+03
7.200000000000000000e+03
6.530000000000000000e+03
6.539000000000000000e+03
7.192000000000000000e+03
6.792000000000000000e+03
7.484000000000000000e+03
6.431000000000000000e+03
5.874000000000000000e+03
5.547000000000000000e+03
6.544000000000000000e+03
5.439000000000000000e+03
6.018000000000000000e+03
5.966000000000000000e+03
5.369000000000000000e+03
5.268000000000000000e+03
5.922000000000000000e+03
4.275000000000000000e+03
4.385000000000000000e+03
5.382000000000000000e+03
5.852000000000000000e+03
4.384000000000000000e+03
4.583000000000000000e+03
4.569000000000000000e+03
5.105000000000000000e+03
4.806000000000000000e+03
5.166000000000000000e+03
3.972000000000000000e+03
4.435000000000000000e+03
4.311000000000000000e+03
5.518000000000000000e+03
3.816000000000000000e+03
4.369000000000000000e+03
3.908000000000000000e+03
4.030000000000000000e+03
4.827000000000000000e+03
4.002000000000000000e+03
4.736000000000000000e+03
4.071000000000000000e+03
3.596000000000000000e+03
4.247000000000000000e+03
3.702000000000000000e+03
4.383000000000000000e+03
3.872000000000000000e+03
3.830000000000000000e+03
3.846000000000000000e+03
4.375000000000000000e+03
4.132000000000000000e+03
4.190000000000000000e+03
3.664000000000000000e+03
3.948000000000000000e+03
3.743000000000000000e+03
2.762000000000000000e+03
3.763000000000000000e+03
3.108000000000000000e+03
4.155000000000000000e+03
3.163000000000000000e+03
3.444000000000000000e+03
4.240000000000000000e+03
3.120000000000000000e+03
3.412000000000000000e+03
3.361000000000000000e+03
2.645000000000000000e+03
3.219000000000000000e+03
3.043000000000000000e+03
3.308000000000000000e+03
3.359000000000000000e+03
3.497000000000000000e+03
3.076000000000000000e+03
3.106000000000000000e+03
2.727000000000000000e+03
0.000000000000000000e+00
0.000000000000000000e+00
0.000000000000000000e+00
0.000000000000000000e+00
0.000000000000000000e+00
0.000000000000000000e+00
0.000000000000000000e+00
0.000000000000000000e+00
0.000000000000000000e+00
0.000000000000000000e+00
0.000000000000000000e+00
0.000000000000000000e+00
0.000000000000000000e+00
0.000000000000000000e+00
0.000000000000000000e+00
